0.04811182067993247 0.5964804988382524 0.8588254689722437 
0.1342766086822622 0.15408764353472348 0.9937561292905568 
0.33281536123348654 0.7351807033928498 0.23893516716032737 
0.28759306425334064 0.38071473642794507 0.06700335611822639 
0.8561266216484239 0.7643809998792129 0.15404839501308498 
0.8307333207698859 0.0352859444259187 0.785585300199742 
0.6213009770872508 0.6499528428334395 0.6018514944778743 
0.3767134412582841 0.35087146301282357 0.33203820345386903 
0.4637963297684673 0.023794247082571496 0.31578763632790596 
0.11972516364275743 0.22114871022878158 0.7335528111727323 
0.4475059513850761 0.25533570341987477 0.017533525187401033 
0.07850322343310856 0.9952239205081599 0.2356259256097224 
0.8976807007462004 0.6444697246256458 0.3574833556532684 
0.7221298384316923 0.06082393870944047 0.025586655421999005 
0.944444878900722 0.19003697961933108 0.3071391854107396 
0.2706161260915819 0.802065132340136 0.04805638840506632 
0.662849440137841 0.47446170253915854 0.1835100826986379 
0.14238348217232022 0.6393482960272783 0.03004525859491658 
0.9884892541869705 0.26980026483158137 0.8326717776095164 
0.908253392133078 0.0077970368314478344 0.5681033565497674 
0.6018743932580635 0.2174485347811822 0.2081995097073137 
0.4264686787600479 0.37834158779030846 0.209079502390357 
0.8719055832645696 0.8640254199371885 0.7527982418832971 
0.8422147691139095 0.2652142173926175 0.16182589149947813 
0.862747959426795 0.9973610496313956 0.6525297369940709 
0.9015624766249294 0.7603061695719251 0.4387187688743738 
0.8947900451360432 0.46379611079341565 0.3788650650412876 
0.6640652080989381 0.5754528632324858 0.4691256513246156 
0.4367561968207 0.8527449144601129 0.5825377765552707 
0.6076408009174462 0.11705206635757326 0.22478633185088304 
0.34182280836119316 0.7951660168492954 0.6448756360843622 
0.25795237648233227 0.44414582653919976 0.6192163361503008 
0.9470623388574723 0.3745718845823136 0.23886300490372248 
0.5932501552754913 0.42374624461255794 0.9062880993469623 
0.07586784851051409 0.8247187354569584 0.4874185861342152 
0.37239896933990235 0.2701757831158934 0.3205753119540219 
0.9322331533448561 0.3662536549271008 0.5359310478422762 
0.30332129607544944 0.384809807486326 0.6342081670960978 
0.5907943490314084 0.5913311912697434 0.057514021457933384 
0.25293253559586026 0.8670207616095609 0.30911154347080116 
0.7761665478569817 0.16340074122469606 0.7821395050966148 
0.9363137182409467 0.7863644526517722 0.7036838188639999 
0.819998313995065 0.9787338294378887 0.1560706096293737 
0.1977054176563029 0.7520372975615721 0.3501978819137803 
0.6868560557137183 0.10340857172568552 0.6890077298814465 
0.891143675441665 0.12215546911852615 0.7013209691186474 
0.2949541212465566 0.31787527521508396 0.09812325250246567 
0.8132953963433343 0.4181281147836523 0.2958802153282778 
0.7211536592264827 0.58124119321986 0.5976053093889488 
0.2612629480301003 0.8758553574518482 0.9069511349976003 
0.38972744011617944 0.07626300585889989 0.3682474430577036 
0.756667968887291 0.22509332940770088 0.5979896277527036 
0.7911698752743136 0.16782300927358784 0.5546745195967903 
0.7639192239236513 0.5623788685982316 0.4604191075798577 
0.372732305194325 0.8533656931066176 0.9305233397982805 
0.8518186658947643 0.8145648934298818 0.1710479584716983 
0.8701756261130147 0.40123704886493994 0.4187146365903145 
0.5170430970462896 0.6943162292151246 0.9690301285041765 
0.816117279411161 0.45682729563994195 0.9011487760132036 
0.6659046622923994 0.06277619079077579 0.5857713339632518 
0.24184776657993157 0.08846806074921887 0.5678966130706297 
0.6943708380611529 0.24681883590303888 0.4900745255317073 
0.586016261017278 0.9836561163932133 0.4802771035888598 
0.9197124219259442 0.539520030521728 0.25463994542983426 
0.6064262275029156 0.2767176054286271 0.017028655440990526 
0.30132646156894294 0.9452472105673123 0.17538601739671011 
0.15350197259583143 0.573717405984096 0.5718824902018588 
0.49109813663053403 0.2394999254345993 0.5454169200694119 
0.17082751620634484 0.46835700268541225 0.829894786281691 
0.11984957849045996 0.7946184929039941 0.31118034876533307 
0.32643126749742557 0.8397708629770919 0.39643165723441154 
0.2475765826937778 0.9938808455868222 0.6266626324334942 
0.5069857901519248 0.16237366545970555 0.6361401004816585 
0.26977132882588184 0.7083665827275514 0.02645828531793304 
0.7064727243026224 0.9089593672036507 0.6208675255549553 
0.5155226892833183 0.4551977556065766 0.3112054734114267 
0.9636692614864091 0.40770495405117235 0.8284774204384807 
0.8275029010868785 0.8761550508568138 0.5770477539891177 
0.22345945225202335 0.5350689821852719 0.09388731913957926 
0.6584897717969177 0.8778810977514352 0.21919343517790435 
0.7617464625051361 0.7501429020287258 0.6263426468407244 
0.5297167192726151 0.6364595479278619 0.8398975126318585 
0.990810381389545 0.8590442414597195 0.18172342522304208 
0.9959370314601605 0.08951048659425509 0.23176571206477536 
0.5913530256108535 0.7445322815891975 0.6462266358226278 
0.7703633856449719 0.08936241738984008 0.473524824357734 
0.46111597118450975 0.10715697639414401 0.9506126448894285 
0.1461980956641863 0.06450934403491804 0.44954699874567583 
0.5616367900829322 0.08777347651283474 0.9167635764172194 
0.8737821396817039 0.498479633323344 0.11555836494619764 
0.44008493419690864 0.8218909432430617 0.03686558832344167 
0.8238115052593211 0.3723443974547884 0.7070813596142995 
0.7297349917973903 0.4056806494312616 0.41825731435196445 
0.9948265313617883 0.6881658914560836 0.9971060500930027 
0.9399010367237753 0.12001862240161698 0.9839244836693881 
0.16137298138731127 0.47639621546580935 0.12498695505582547 
0.15536440513896455 0.7980347864567454 0.21167853988344365 
0.958840746806702 0.14312109520287175 0.4562178978580652 
0.11963974493550567 0.9655104502886763 0.10802481600467029 
0.7598585618868712 0.4075176422536154 0.20602634936332753 
